"Sentence Length","Black","White","Hispanic","Other","Unknown","Total"
"Less than 1 year","19","85","1","1","0","106"
"1 - 2 years","57","149","1","0","0","207"
"3-5 years","89","289","2","0","0","380"
"6-10 years","52","148","1","0","0","201"
"11 - 20 years","24","42","0","0","0","66"
"21-30 years","3","2","0","0","0","5"
"Greater than 30 years","0","2","0","0","0","2"
"Life","2","2","0","0","0","4"
"Death","0","0","0","0","0","0"
"Total","246","719","5","1","0","971"
