"FEMALE OFFENSES","BLACK","WHITE","HISPANIC","OTHER","TOTAL"
"Aggravated Assault","0","1","0","0","1"
"Burglary","0","3","0","0","3"
"Homicide","1","0","0","0","1"
"Manslaughter","3","0","0","0","3"
"Property","12","34","2","0","48"
"Possession of Drugs","6","7","0","0","13"
"Possession of Drugs with Intent","0","5","0","0","5"
"Sale of Drugs","15","13","0","0","28"
"Sex Offense","0","1","0","0","1"
"Violent","2","4","0","0","6"
"TOTAL","39","68","2","0","109"
