"OFFENSES","BLACK","WHITE","HISPANIC","OTHER","TOTAL"
"Aggravated Assault","1","0","0","0","1"
"Burglary","1","2","0","0","3"
"Homicide","1","1","0","0","2"
"Manslaughter","1","0","0","0","1"
"Property","18","31","2","0","51"
"Possession of Drugs","10","9","1","1","21"
"Possession of Drugs with Intent","0","4","0","0","4"
"Robbery","1","0","0","0","1"
"Sale of Drugs","18","16","0","0","34"
"Sex Offense","1","0","0","0","1"
"Violent","1","4","0","0","5"
"TOTAL","53","67","3","1","124"
