"Offense","Black","White","Hispanic","Other","Total"
"Aggravated Assault","24","9","0","0","33"
"Burglary","43","16","0","1","60"
"Drug Intent","13","14","1","1","29"
"Homicide/Manslaughter","11","5","0","0","16"
"Other Property","129","98","2","0","229"
"Possession of Drugs","36","28","0","1","65"
"Roberry","10","1","0","0","11"
"Sale of Drugs","47","17","1","0","65"
"Sex Offense","11","38","1","0","50"
"Violent","6","14","0","0","20"
"Total","330","240","5","3","578"
