"Offense","Black","White","Hispanic","Other","Total"
"Aggravated Assault","0","1","0","0","1"
"Burglary","1","2","0","0","3"
"Drug Intent","1","1","0","0","2"
"Homicide/Manslaughter","2","1","0","0","3"
"Other Property","6","20","0","0","26"
"Possession of Drugs","3","8","0","0","11"
"Roberry","0","0","0","0","0"
"Sale of Drugs","4","10","0","0","14"
"Sex Offense","0","0","0","0","0"
"Violent","1","0","0","0","1"
"Total","18","43","0","0","61"
